0.0007840000000000001
0.0
0.003138
0.004707
0.002353
0.003138
0.005490999999999999
0.006276
0.008629
0.008629
0.006276
0.007845
0.012552
0.014176000000000001
0.014922000000000001
0.011333000000000001
0.0063750000000000005
0.0028330000000000004
0.0
0.0
0.0
0.0
0.001417
0.001417
0.000708
0.0028330000000000004
0.003541
0.002125
0.0
0.002714
0.003392
0.0020350000000000004
0.0006780000000000001
0.002125
0.002125
0.003392
0.002125
0.003138
0.001631
0.009267
0.035682000000000005
0.07885500000000001
0.12201200000000001
0.1378
0.146371
0.146263
0.146263
0.137577
0.125354
0.1128
0.096743
0.083689
0.072009
0.060008000000000006
0.049877000000000005
0.05083700000000001
0.049877000000000005
0.05083700000000001
0.053751
0.056591999999999996
0.060238
0.063018
0.063945
0.051423
0.047876
0.047876
0.04433
0.044451000000000004
0.043595999999999996
0.043595999999999996
0.040777
0.043224
0.04404
0.036871
0.019611999999999997
0.001569
0.011767
0.023535
0.02275
0.023535
0.026672
0.026913
0.024319
0.021181000000000002
0.018828
0.016474
0.012683999999999999
0.003922
0.007845
0.001631
0.008548
0.02302
0.056971
0.088443
0.124785
0.14821299999999998
0.175537
0.19891
0.22592900000000002
0.33387500000000003
0.524201
0.809584
1.08806
1.290471
1.461898
1.551947
1.614779
1.671327
1.67761
1.6514870000000001
1.5993119999999998
1.530734
1.468059
1.423909
1.371426
1.331882
1.362118
1.326446
1.32756
1.3196700000000001
1.265246
1.239567
1.2315550000000002
1.231719
1.233375
1.233375
1.233375
1.233375
1.233375
1.233375
1.231719
1.2547460000000001
1.249984
1.255192
1.247079
1.223504
1.184359
1.155848
1.09187
1.06715
1.022851
0.981172
0.9377540000000001
0.916674
0.88103
0.836057
0.8056620000000001
0.793559
0.779454
0.76446
0.7492340000000001
0.7492340000000001
0.706157
0.7095560000000001
0.681866
0.647321
0.616934
0.584917
0.575222
0.5551849999999999
0.5401330000000001
0.536059
0.545102
0.545102
0.536059
0.536068
0.509551
0.49208100000000005
0.485711
0.46235899999999996
0.45714
0.426241
0.431705
0.425422
0.41391500000000003
0.41391500000000003
0.403502
0.403502
0.395685
0.374428
0.36973200000000006
0.34457400000000005
0.339822
0.337445
0.339796
0.339796
0.339796
0.339796
0.339796
0.339796
0.299143
0.29588
0.300107
0.302221
0.300107
0.287068
0.285003
0.282937
0.27635899999999997
0.280872
0.265178
0.262238
0.264256
0.264256
0.272611
0.265178
0.267157
0.278807
0.285313
0.2832
0.274677
0.281926
0.268481
0.286231
0.294839
0.29799400000000004
0.307752
0.312056
0.312056
0.297394
0.302221
0.286445
0.280393
0.285003
0.281086
0.286078
0.27762200000000004
0.277276
0.26022
0.26840600000000003
0.26206599999999997
0.254024
0.251959
0.242066
0.242066
0.24610100000000001
0.247367
0.24140799999999998
0.247367
0.248118
0.255725
0.249894
0.251959
0.264709
0.275075
0.26901400000000003
0.26255700000000004
0.253612
0.251797
0.256101
0.260405
0.251959
0.26206599999999997
0.259952
0.251959
0.259952
0.24143
0.244084
0.242066
0.23747300000000002
0.250135
0.256187
0.268481
0.26228500000000005
0.248118
0.251959
0.233997
0.23153600000000002
0.22955699999999998
0.225599
0.224026
0.224026
0.233515
0.244084
0.248118
0.254024
0.24782800000000002
0.239567
0.245158
0.235437
0.239567
0.240049
0.233515
0.242066
0.24610100000000001
0.250135
0.251325
0.26022100000000004
0.251325
0.243409
0.243409
0.243409
0.243409
0.243409
0.243409
0.249346
0.24913300000000002
0.255283
0.247201
0.244231
0.240445
0.22889900000000002
0.248118
0.243409
0.239452
0.24143
0.23153600000000002
0.218233
0.216301
0.212439
0.225599
0.23153600000000002
0.233515
0.240049
0.240049
0.22955699999999998
0.227578
0.23198
0.229963
0.227578
0.225599
0.227578
0.23198
0.23198
0.22209500000000001
0.220164
0.218233
0.21437
0.21015199999999998
0.203055
0.203055
0.218233
0.224026
0.235494
0.244084
0.24782800000000002
0.254024
0.256187
0.268481
0.264256
0.258204
0.26840600000000003
0.249346
0.251325
0.268481
0.264256
0.26829000000000003
0.264256
0.256187
0.256187
0.251325
0.24913300000000002
0.262238
0.258204
0.251325
0.258204
0.25330400000000003
0.251325
0.247201
0.247367
0.24143
0.24143
0.251325
0.24913300000000002
0.257262
0.25330400000000003
0.23561400000000002
0.23747300000000002
0.227889
0.223405
0.22955699999999998
0.221641
0.204714
0.181753
0.168501
0.157141
