0.0011430000000000001
0.0018180000000000002
0.0042060000000000005
0.010426000000000001
0.030529
0.06906100000000001
0.154668
0.325364
0.45902800000000005
0.5615650000000001
0.581982
0.5567150000000001
0.510921
0.463577
0.419243
0.387872
0.35593400000000003
0.317045
0.282171
0.25831200000000004
0.221833
0.19603299999999999
0.174428
0.159992
0.147264
0.14511400000000002
0.13844900000000002
0.14188900000000002
0.130017
0.12181600000000001
0.11676900000000001
0.11398900000000001
0.106392
0.100015
0.093788
0.09317600000000001
0.08481699999999999
0.077664
0.071627
0.072374
0.07312
0.076095
0.070881
0.075311
0.06587000000000001
0.063037
0.055630000000000006
0.046194000000000006
0.039778
0.035287
0.030014
0.024224
