8.9e-05
0.000101
0.000127
0.00014000000000000001
0.000127
0.000114
0.00027
0.00027
0.0006550000000000001
0.000337
0.0009270000000000001
0.0027120000000000004
0.0026110000000000005
0.000603
0.000853
0.0028020000000000002
0.004021
0.009810000000000001
0.018282
0.031996
0.046691
0.071666
0.102759
0.118804
0.154788
0.19968000000000002
0.29021300000000005
0.29021300000000005
0.354041
0.430422
0.473671
0.584237
0.781192
0.8553
0.882028
0.906924
0.859311
0.849678
0.87134
0.887608
0.9181
0.961689
1.011034
1.0535809999999999
1.159931
1.167478
1.178868
1.178868
1.18956
1.12378
1.057971
0.9863400000000001
0.815322
0.800489
0.7445900000000001
0.6989500000000001
0.628432
0.592009
0.551608
0.499039
0.470129
0.4485
0.408901
0.393098
0.358188
0.34183300000000005
0.327535
0.327535
0.313813
0.29767000000000005
0.286185
0.270688
0.251934
0.240469
0.235932
0.228876
0.205181
0.19285400000000003
0.195865
0.186962
0.165747
0.155202
0.147264
0.142582
0.130449
0.130449
0.137018
0.137018
0.117111
0.122351
0.117111
0.12789
0.113361
0.11173000000000001
0.10669
0.11091500000000001
0.109284
0.100726
0.106837
0.103575
0.09475700000000001
0.101199
0.092077
0.096996
0.09066
0.088536
0.087827
0.082766
0.080053
0.08003600000000001
0.07649500000000001
0.071233
0.071233
0.071233
0.071233
0.071233
0.071233
0.074423
0.07665999999999999
0.074423
0.073504
0.071666
0.071666
0.069788
0.070365
0.079556
0.072672
0.06857500000000001
0.066929
0.068635
0.06528300000000001
0.06747700000000001
0.069672
0.06578700000000001
0.065273
0.06857500000000001
0.06747700000000001
0.06747700000000001
0.066929
0.061676
0.058895
0.066929
0.066929
0.06373100000000001
0.060355
0.059868000000000005
0.055304000000000006
0.056211
0.057571
0.058024
0.05095
0.058024
0.057117
0.057117
0.057117
0.057117
0.057117
0.057117
0.051734
0.049765000000000004
0.050555
0.047267
0.054678
0.058024
0.052575000000000004
0.048975000000000005
0.045085
0.049765000000000004
0.042044
0.041366
0.04739500000000001
0.04001
0.039671
0.036789
0.033729
0.033443
0.035862000000000005
0.038993
0.036171
0.034014
0.0343
0.034586
0.034586
0.030640999999999998
