0.0
0.0
0.0
0.0
0.0
0.0
0.0
0.0
0.0
0.0
0.0
0.0
0.0
0.0
0.0
0.0
0.0
0.0
0.0
0.0
0.0
0.0
0.0
0.0
0.0
0.0
0.0
0.0
0.0
0.0
0.0
0.0
0.00023400000000000002
7.6e-05
0.000865
0.001368
0.007804
0.019768
0.026314
0.019723
0.012308
0.012308
0.005042
0.006495
0.001395
0.0022570000000000003
0.001427
0.0014730000000000001
6.4e-05
0.0
0.000506
0.0005480000000000001
0.000506
0.00023400000000000002
0.0
0.0
0.0
0.0
0.0
0.0
0.0
0.0
0.0
0.0
0.0
0.0
0.0
0.0
0.0
0.0
0.0
4.6e-05
0.0007660000000000001
0.000971
2.9000000000000004e-05
0.0011120000000000001
0.001287
0.0015840000000000001
0.000808
0.001309
0.001287
0.0
0.000971
0.001795
0.001343
0.00087
0.000506
1.7000000000000003e-05
0.0
0.0
0.0
0.0
0.0
0.0
0.0
0.0
0.0
0.0
0.0
0.0
0.0
0.0
0.0
0.0
0.0
0.0
0.0
0.0
0.0
0.0
0.0
0.0
0.0
0.0
0.0
0.0
0.0
0.0
0.0
0.0
0.0
0.0
0.0
0.0
0.0
0.0
0.0
0.0
0.0
0.0
0.0
0.0
0.0
0.0
0.0
0.0
0.0
0.0
0.0
0.0
0.0
0.0
0.0
0.0
0.0
0.0
0.0
0.0
0.0
0.0
0.0
0.0
0.0
0.0
0.0
0.0
0.0
0.0
0.0
0.0
0.0
0.0
0.0
0.0
0.0
0.0
0.0
0.0
0.0
0.00023400000000000002
8.9e-05
0.000185
0.002163
0.003214
0.023599000000000002
0.054899
0.049155000000000004
0.057642000000000006
0.074647
0.082437
0.082437
0.092022
0.073082
0.050983
0.041142000000000005
0.044506000000000004
0.029431000000000002
0.035921
0.030123
0.047918999999999996
0.063983
0.08840200000000001
0.09405500000000001
0.074647
0.085676
0.109008
0.096111
0.094569
0.116767
0.10727800000000001
0.13811500000000002
0.18086600000000003
0.127407
0.16788
0.14111
0.14378200000000002
0.11136499999999999
0.114776
0.118237
0.082151
0.107932
0.084521
0.075264
0.047803
0.04156
0.015343
0.014247000000000001
0.001966
0.008641
0.0029230000000000003
0.003933
0.002336
0.0010780000000000002
0.00041799999999999997
0.002088
0.0007109999999999999
7.6e-05
0.000211
0.0014730000000000001
0.001117
0.00087
7.6e-05
0.000473
0.000368
0.0
0.0
0.000134
0.000134
0.00023400000000000002
0.000314
0.000314
0.000314
0.00023400000000000002
1.7000000000000003e-05
0.000134
0.000134
0.000134
0.000134
0.000134
4.6e-05
0.00033900000000000005
0.000633
0.0037890000000000003
0.017005
0.03773
0.102011
0.166813
0.15821600000000002
0.149224
0.19375399999999998
0.186275
0.221433
0.18529900000000002
0.179514
0.188846
0.184643
0.18707300000000002
0.14178800000000003
0.133448
0.137717
0.152954
0.103821
0.123119
0.079781
0.109171
0.071991
0.08884900000000001
0.098681
0.086583
0.130255
0.14094900000000002
0.17182
0.137039
0.17466
0.189918
0.219284
0.202387
0.189772
0.206663
0.153698
0.150865
0.132165
0.091569
0.09020900000000001
0.071991
0.070537
0.063406
0.063406
0.063406
0.08204900000000001
0.060693
0.102664
0.089559
0.112469
0.122506
0.14178800000000003
0.18795900000000001
0.129244
0.151573
0.16866399999999998
0.119045
0.17779
0.149929
0.14243
0.115642
0.136595
0.13858099999999998
0.082151
0.078991
0.058739
0.05288
0.024617999999999998
0.016472
0.0055780000000000005
0.017422999999999998
0.032025
0.031554
0.039731
0.06845000000000001
0.066748
0.07069700000000001
0.097139
0.105879
0.097653
0.110739
0.117606
0.092966
0.106428
0.106428
0.100223
0.095887
0.08327899999999999
0.083699
0.077807
0.082437
0.060594
0.049438
0.057812
0.029758
0.024199000000000002
0.013826000000000001
0.003979
0.0018650000000000001
0.00701
0.003021
0.002604
0.00239
0.001975
0.0017829999999999999
0.002532
0.000447
0.00023400000000000002
0.00045000000000000004
0.00014299999999999998
0.00041
