0.000965
0.001609
0.001466
0.0030110000000000002
0.0030110000000000002
0.0030110000000000002
0.0030110000000000002
0.0030110000000000002
0.0030110000000000002
0.48635100000000003
0.666158
0.839252
0.97276
1.1211389999999999
1.238798
1.281234
1.2677770000000002
1.252253
1.184359
1.1306800000000001
1.058298
0.9738020000000001
0.8985660000000001
0.830217
0.69115
0.628931
0.5681269999999999
0.484094
0.422686
0.400656
0.38413400000000003
0.352251
0.33839800000000003
0.29238600000000003
0.294748
0.28751499999999997
0.274117
0.261695
0.268945
0.25833999999999996
0.232316
0.23758300000000002
0.244439
0.249952
0.24077199999999999
0.239178
0.255153
0.244439
0.244439
0.24608000000000002
0.249361
0.226857
0.212737
0.183734
0.183734
0.175123
0.16788399999999998
0.1552
0.14272700000000002
0.12576600000000002
0.137292
0.12637900000000002
0.117785
0.115719
0.111586
0.09879600000000001
0.08866
0.093601
0.08719199999999999
0.09043300000000001
0.07992400000000001
0.072173
0.069035
0.06342
0.066681
0.069819
0.074215
0.07584600000000001
0.076095
0.07688
0.07312
0.072374
0.070881
0.06516200000000001
0.061057
0.059022
0.056987
0.050043
0.050043
0.050043
0.050043
0.050043
0.050043
0.046132
0.044775
0.042344
0.04491
0.042344
0.044268999999999996
0.042265000000000004
0.036336
0.034606000000000005
0.02724
0.02724
0.02467
0.022614000000000002
0.02239
0.019039
