0.0
0.0
0.0
0.0
0.0
0.0
0.0
0.0
0.0
0.0
0.0
0.0
0.0
0.0
0.000584
0.012454000000000002
0.041159999999999995
0.078851
0.109643
0.12190000000000001
0.109171
0.139074
0.14449
0.111914
0.097347
0.081596
0.080755
0.06981
0.058121000000000006
0.034453000000000004
0.024758
0.008660000000000001
0.008196
0.009885
0.009558
0.012055
0.012138999999999999
0.020842
0.044876
0.08274500000000001
0.127541
0.15846600000000002
0.16631100000000001
0.16631100000000001
0.192392
0.17860499999999999
0.185498
0.17615899999999998
0.175343
0.18207800000000002
0.17860499999999999
0.149929
0.180236
0.180236
0.171018
0.17779
0.17615899999999998
0.149448
0.148031
0.14111
0.15519300000000003
0.133448
0.133448
0.106904
0.09978000000000001
0.09686
0.079493
0.050879
0.040267000000000004
0.043258000000000005
0.031064
0.016673
0.027142
0.019981000000000002
0.013741
0.02252
0.01597
0.02266
0.026815000000000002
0.027142
0.043773000000000006
0.058659
0.075708
0.13636099999999998
0.205265
0.25898000000000004
0.33304300000000003
0.393073
0.431954
0.46307200000000004
0.49665600000000004
0.494543
0.492833
0.492833
0.5217240000000001
0.606554
0.6631549999999999
0.710741
0.7691169999999999
0.7739170000000001
0.6926720000000001
0.6315320000000001
0.5619930000000001
0.5619930000000001
0.579247
0.581712
0.647558
0.7956660000000001
1.0038719999999999
1.1815440000000001
1.369855
1.5664369999999999
1.672044
1.6869200000000002
1.610781
1.515011
1.283078
1.1302180000000002
0.985891
0.854448
0.7675660000000001
0.6531939999999999
0.590372
0.526635
0.516309
0.437601
0.405962
0.364484
0.314959
0.320187
0.24693500000000002
0.23403100000000002
0.22803
0.193191
0.192336
0.129195
0.156531
0.133448
0.13500399999999999
0.122541
0.114543
0.096625
0.095597
0.08340900000000001
0.08340900000000001
0.08712500000000001
0.08994400000000001
0.06793300000000001
0.071081
0.069819
0.055945999999999996
0.050392000000000006
0.038383
0.042485999999999996
0.034668
0.035712
0.016974
0.023219
0.030876
0.01617
0.01597
0.01607
0.010474
0.01597
0.019128
0.018763000000000002
0.012645
0.020562
0.014664
0.024361999999999998
0.020842
0.028428000000000002
0.018518999999999997
0.018275
0.028052
0.020981000000000003
0.035793
0.0365
0.040426000000000004
0.037441
0.040941000000000005
0.037677
0.030123
0.041713
0.034042
0.041713
0.046591
0.033833
0.04145600000000001
0.038619
0.034042
0.038148
0.033833
0.041198
0.033206000000000006
0.029369
0.031953
0.028428000000000002
0.028428000000000002
0.02518
0.018640999999999998
0.024526
0.014563000000000001
0.014061
0.014061
0.011465
0.011212
0.010875000000000001
0.010538
0.010116
0.007528
0.007528
0.005825
0.004005
0.007463
0.005825
0.007397000000000001
0.005876
0.005825
0.004005
0.007266
0.00567
0.007463
0.009863
0.010116
0.007921000000000001
0.0061340000000000006
0.004255
0.002899
0.004148
0.0028250000000000003
0.00404
0.003969
0.003933
0.002628
0.002604
0.002628
0.002628
0.003933
0.002653
0.002628
0.002628
0.002579
0.003897
0.005619
0.00567
0.005567
0.002579
0.00379
0.002628
0.003862
0.0013830000000000001
0.003933
0.002727
0.000584
0.000589
0.000589
0.0013830000000000001
