0.0
0.0
0.0
0.0
0.0
0.0
0.0
0.0
0.0
0.0
0.0
0.0
0.0
0.0
0.0
0.0
0.0
0.0
0.0
0.0
0.0
0.0
7.2e-05
0.000589
0.006683
0.04706900000000001
0.134609
0.281964
0.281964
0.398632
0.533731
0.692575
0.738351
0.723214
0.679809
0.624909
0.557093
0.516952
0.524199
0.558466
0.58408
0.623186
0.6377569999999999
0.67159
0.677614
0.609306
0.533862
0.525986
0.525986
0.461943
0.429771
0.387901
0.34382799999999997
0.32833999999999997
0.322137
0.31608800000000004
0.296255
0.282846
0.257456
0.246739
0.24546700000000002
0.250922
0.242923
0.234619
0.21754400000000002
0.205088
0.19348500000000002
0.173023
0.173023
0.166022
0.148278
0.13919600000000001
0.13831000000000002
0.133353
0.12316400000000001
0.105154
0.093717
0.09310500000000001
0.07658100000000001
0.072523
0.066637
0.065277
0.059304
0.054899
0.045774
0.045435
0.044757
0.036872999999999996
0.04019
0.036587
0.032186
0.0292
0.027787
0.026373999999999998
0.022555
0.021929
0.020676
0.016024
0.015205999999999999
0.012169000000000001
0.011890000000000001
0.009138
0.008285
0.006227000000000001
0.006127
0.006528
0.005647999999999999
0.005647999999999999
