0.000467
0.00041799999999999997
0.00041799999999999997
0.000429
0.000608
0.000361
0.000253
0.003924
0.021759
0.082454
0.184271
0.309214
0.414233
0.5121209999999999
0.548449
0.620235
0.62467
0.579247
0.54926
0.519342
0.49665600000000004
0.415902
0.37076
0.311998
0.253044
0.226752
0.194242
0.154724
0.151304
0.134147
0.140274
0.14874
0.163106
0.161361
0.165886
0.153014
0.145983
0.13493100000000002
0.124602
0.10393600000000001
0.100086
0.096167
0.107867
0.109224
0.127087
0.12787099999999998
0.13456600000000002
0.123856
0.10990300000000001
0.107867
0.085581
0.077609
0.073497
0.073497
0.06709000000000001
0.06845000000000001
0.069357
0.060427999999999996
0.055993
0.058849
0.052357
0.050903
0.050539
0.042663
0.03916
0.042663
0.038874000000000006
0.038874000000000006
0.042045000000000006
0.035019
0.032959
0.030899000000000003
0.029353999999999998
0.027036
0.023077000000000004
0.021429
0.019545000000000003
0.016707999999999997
0.017543
0.018378000000000002
0.019005
0.018587
0.015061
0.014685
0.015061
0.016707999999999997
0.01259
0.012263
0.011936
0.012099
0.012263
0.010491
