0.000254
0.000254
0.000467
0.0009280000000000001
0.001349
0.001962
0.002944
0.023276
0.07135899999999999
0.17752500000000002
0.28612400000000004
0.36967700000000003
0.40478600000000003
0.39578800000000003
0.374866
0.316623
0.31202100000000005
0.267692
0.231546
0.206488
0.172654
0.17430099999999998
0.160745
0.147748
0.155202
0.14511400000000002
0.13328299999999998
0.124016
0.124016
0.112224
0.113015
0.10551
0.099161
0.095753
0.095753
0.092321
0.090612
0.092321
0.099161
0.119316
0.167767
0.22929300000000002
0.283895
0.301277
0.299136
0.276534
0.26377300000000004
0.280282
0.371758
0.503556
0.657663
0.7859389999999999
0.831667
0.850314
0.870573
0.886846
0.921959
0.9738020000000001
0.953115
0.920211
0.889255
0.853337
0.8344550000000001
0.851827
0.842535
0.865232
0.861502
0.882028
0.946016
1.000902
1.059301
1.092514
1.088915
1.0841800000000001
1.060628
1.1262370000000002
1.2056820000000001
1.310527
1.310527
1.366493
1.375356
1.35501
1.3172629999999999
1.245817
1.22638
1.179714
1.1626079999999999
1.03248
0.982226
0.941706
0.9129170000000001
0.906931
0.913872
0.870573
0.839125
0.7899900000000001
0.779456
0.7349800000000001
0.710808
0.663851
0.640885
0.6053350000000001
0.5962999999999999
0.570697
0.554257
0.499508
0.488936
0.468583
0.43325
0.43325
0.43325
0.43325
0.43325
0.43325
0.31490100000000004
0.30565499999999995
0.30358999999999997
0.294514
0.265818
0.268844
0.268844
0.24835200000000002
0.246533
0.26039100000000004
0.25892000000000004
0.273202
0.280586
0.262443
0.25715899999999997
0.246533
0.241361
0.254966
0.238209
0.251875
0.255398
0.262199
0.251875
0.248257
0.248257
0.248257
0.248257
0.248257
0.248257
0.248257
0.216401
0.22239699999999998
0.234261
0.23274100000000003
0.236189
0.228144
0.228977
0.215501
0.21032900000000002
0.213125
0.204659
0.205066
0.206707
0.206707
0.21304599999999999
0.199315
0.19359700000000002
0.200909
0.199315
0.199315
0.200909
0.19669399999999998
0.19669399999999998
0.19207200000000002
0.189048
0.199315
0.190499
0.190499
0.192048
0.192048
0.19359700000000002
0.199315
0.189048
0.19359700000000002
0.19772
0.190499
0.199315
0.206707
0.211369
0.206707
0.20014500000000002
0.19850399999999999
0.194531
0.213777
0.218949
0.217225
0.20969100000000002
0.217225
0.221932
0.211369
0.220673
0.22545400000000002
0.220673
0.236283
0.22545400000000002
0.214724
0.230739
0.221434
0.225845
0.225845
0.22965000000000002
0.217225
0.211369
0.213777
0.206707
0.221932
0.22239699999999998
0.225845
0.225845
0.236883
0.220673
0.216401
0.220673
0.211369
0.220673
0.209988
0.206707
0.211369
0.20969100000000002
0.20633600000000002
0.21032900000000002
0.21032900000000002
0.211364
0.20860499999999998
0.21032900000000002
0.20969100000000002
0.215501
0.203426
0.20633600000000002
0.195223
0.194594
0.18374000000000001
0.172208
0.165719
0.172208
0.17036500000000002
0.18177500000000002
0.18177500000000002
0.184964
0.190302
0.17965799999999998
0.186559
0.188153
0.18585300000000002
0.191342
0.182755
0.17810900000000002
0.17656
0.175012
0.17656
0.17810900000000002
0.175436
0.17694900000000002
0.182755
0.17694900000000002
0.17694900000000002
0.181207
0.17694900000000002
0.175436
0.178461
0.181207
0.184304
0.17965799999999998
0.17694900000000002
0.178461
0.182755
0.17459100000000002
0.176058
0.173124
0.173124
0.178461
0.17019
0.173124
0.167255
0.161387
0.161387
0.155999
0.153137
0.15991999999999998
0.15743000000000001
0.15251499999999998
0.156985
0.148356
0.145583
0.145981
0.13915100000000002
0.14003700000000002
0.13644900000000001
0.1378
0.133747
0.126768
0.12154000000000001
0.11762
0.11762
0.120233
0.120233
0.12154000000000001
0.122847
0.124641
0.125913
0.128457
0.11915200000000001
0.120826
0.11701
0.10505800000000001
0.10267100000000001
0.10147700000000001
0.10129
0.105894
0.111028
0.096447
0.08647
0.070945
0.062345
0.06449500000000001
0.06449500000000001
0.06342
0.058046
0.058046
0.053746
0.06987
0.066645
0.06987
0.06987
0.06987
0.054821
0.042360999999999996
0.041922
0.039772
0.063189
0.08352899999999999
0.08595699999999999
0.094584
0.099089
0.101955
0.101955
0.10505800000000001
0.110553
0.106252
0.112221
0.11301000000000001
0.11301000000000001
0.10129
0.103865
0.104411
0.103865
0.106252
0.107446
0.10864
0.098664
0.097556
0.081694
0.040295000000000004
0.008001
0.021697
0.021697
0.038229
0.032029
0.026003000000000002
0.019184000000000003
0.007673
