0.000127
0.00027
0.00027
0.000295
0.000319
0.00019
0.000216
0.000216
0.000393
0.00034399999999999996
0.000319
0.00034399999999999996
0.000319
0.00034399999999999996
0.000465
0.000465
0.000465
0.000465
0.000465
0.000465
0.001001
0.001598
0.00118
0.001907
0.002815
0.002815
0.00177
0.000603
0.004142000000000001
0.008812
0.013179
0.01629
0.020722
0.024204
0.029155
0.027036
0.033079000000000004
0.031156
0.031442
0.03087
0.03087
0.033079000000000004
0.030013
0.029441
0.029727
0.026264
0.028869
0.026006
0.029155
0.026264
0.029155
0.026264
0.023548
0.028298
0.022841999999999998
0.022841999999999998
0.022606
0.024462
0.022371
0.022606
0.022606
0.024719
0.024719
0.022371
0.022135000000000002
0.022135000000000002
0.024462
0.022371
0.024462
0.024719
0.024977
0.024977
0.027726
0.028012000000000002
0.028012000000000002
0.028869
0.028869
0.029441
0.026264
0.026006
0.026264
0.023784
0.023313
0.022841999999999998
0.01984
0.01984
0.019422000000000002
0.018796
0.017960999999999998
0.015626
0.015438
0.015061
0.015061
0.01308
0.01259
0.01259
0.010631
0.010071
0.008285
0.008041000000000001
0.008285
0.007798
0.007554000000000001
0.008253
0.010355000000000001
0.021022
0.031996
0.053054000000000004
0.061815
0.061649999999999996
0.058884
0.050176000000000005
0.044757
0.047631
0.042723
0.04001
0.032299
0.033079000000000004
0.027036
0.024255
0.020467
0.019214
0.016756
0.016567000000000002
0.015205999999999999
0.015205999999999999
0.015205999999999999
0.015205999999999999
0.015205999999999999
0.015205999999999999
0.015205999999999999
0.015205999999999999
0.015205999999999999
0.015205999999999999
0.015205999999999999
0.008236
0.008894
0.009651
0.011282
0.013743
0.015626
0.020722
0.019422000000000002
0.019005
0.019005
0.019005
0.018796
0.014552
0.014716
0.016567000000000002
0.014225
0.01161
0.010491
0.009791000000000001
0.008407
0.010071
0.009381
0.007833999999999999
0.008407
0.00731
0.005825
0.006026
0.0066289999999999995
0.007232000000000001
0.00683
0.00683
0.00683
0.00683
0.00683
0.00683
0.00683
0.004637
0.003666
0.002749
0.0026190000000000002
0.001047
0.000916
0.001833
0.002732
0.002784
0.001752
0.001752
0.001752
0.001752
0.001752
0.001752
0.000501
0.000393
0.000442
0.00041799999999999997
0.000712
0.000712
0.000712
0.000712
0.000712
0.000712
0.000246
0.000368
0.00017199999999999998
0.0006550000000000001
0.000515
0.023373
0.12468000000000001
0.344755
0.637929
0.8634740000000001
1.012888
1.0841800000000001
1.187882
1.314305
1.400878
1.489384
1.5731890000000002
1.638194
1.688129
1.688129
1.700924
1.7069770000000002
1.687195
1.6628560000000001
1.674862
1.660781
1.704878
1.704843
1.714547
1.726495
1.720521
1.6752449999999999
1.636927
1.5784680000000002
1.530135
1.5262390000000001
1.5594480000000002
1.523234
1.601897
1.544841
1.578444
1.500545
1.424298
1.415149
1.343985
1.373593
1.3294169999999998
1.293838
1.278035
1.278035
1.230947
1.206082
1.2158930000000001
1.1669910000000001
1.105102
1.117683
1.067532
1.061241
1.024893
0.948293
0.9027910000000001
0.8341609999999999
0.8057799999999999
0.7810119999999999
0.750841
0.747699
0.7077300000000001
0.687104
0.649045
0.6343139999999999
0.605822
0.564376
0.5409360000000001
0.5121209999999999
0.494286
0.472899
0.446212
0.43248200000000003
0.390985
0.384645
0.378771
0.374467
0.353156
0.332841
0.326525
0.300891
0.306709
0.30458300000000005
0.296556
0.296556
0.296556
0.296556
0.296556
0.296556
0.296556
0.246255
0.228876
0.250339
0.228876
0.21753999999999998
0.218971
0.218971
0.225941
0.220402
0.218971
0.212135
0.20535
0.192049
0.190777
0.183027
0.184255
0.165179
0.15801300000000001
0.15801300000000001
0.148781
0.13620400000000002
0.124124
0.12881700000000001
0.131408
0.121464
0.115402
0.112837
0.115258
0.115258
0.10520600000000001
0.09963
0.09806100000000001
0.093265
0.091773
0.08140900000000001
0.08140900000000001
0.08140900000000001
0.08140900000000001
0.08140900000000001
0.08140900000000001
0.07530400000000001
0.071857
0.063444
0.063444
0.06982899999999999
0.066905
0.074116
0.078914
0.078273
0.078273
0.075954
0.080839
0.079017
0.088193
0.08683700000000001
0.086158
0.08548
0.082766
0.087827
0.08344499999999999
0.082766
0.084801
0.07094199999999999
0.070365
0.070365
0.070365
0.070365
0.070365
0.06800700000000001
