0.0
0.0
0.0
0.0
0.0
0.0
0.0
0.000112
0.000314
2.9000000000000004e-05
0.000216
0.013493
0.055485
0.143019
0.23147700000000002
0.24813100000000002
0.29255200000000003
0.275991
0.249772
0.24516800000000002
0.26532799999999995
0.223172
0.289111
0.339632
0.368125
0.291165
0.289111
0.269013
0.324241
0.365702
0.327175
0.375682
0.37311700000000003
0.382547
0.436174
0.5125449999999999
0.38355700000000004
0.464676
0.688465
0.68202
0.6284160000000001
0.552833
0.631572
0.539581
0.44487
0.408343
0.432114
0.47410199999999997
0.424979
0.342634
0.39313600000000004
0.362477
0.407887
0.45796600000000004
0.468523
0.428925
0.402294
0.384988
0.37435500000000005
0.35395800000000005
0.39493700000000004
0.40521100000000004
0.325828
0.252757
0.268615
0.183498
0.164892
0.151286
0.135982
0.13169399999999998
0.13169399999999998
0.13858099999999998
0.139223
0.11153
0.120143
0.092532
0.066777
0.072222
0.049922
0.048745
0.044741
0.027632
0.003783
0.003562
0.012055
0.001751
0.002948
0.003518
0.002939
0.0016430000000000001
0.000767
0.001407
0.0013289999999999999
0.000509
0.000323
5.6e-05
0.001163
0.0005480000000000001
0.000473
0.00023400000000000002
0.000134
0.000368
0.0
0.000134
0.000134
0.000134
0.000134
0.0
